,${\it VShare}$,${\it VShare}^{\it In}$,${\it VShare}^{\it Out}$,${\it EigenCent}^{In}$,${\it EigenCent}^{Out}$,${\it BetwCent}^C$,${\it BetwCent}^V$,${\it LiquidityShare}$
${\it VShare}$,1.0,1.0,1.0,0.95,0.96,0.82,0.75,0.94
${\it VShare}^{\it In}$,1.0,1.0,0.99,0.96,0.95,0.82,0.75,0.94
${\it VShare}^{\it Out}$,1.0,0.99,1.0,0.95,0.96,0.82,0.75,0.94
${\it EigenCent}^{In}$,0.95,0.96,0.95,1.0,1.0,0.68,0.61,0.87
${\it EigenCent}^{Out}$,0.96,0.95,0.96,1.0,1.0,0.68,0.62,0.88
${\it BetwCent}^C$,0.82,0.82,0.82,0.68,0.68,1.0,0.94,0.86
${\it BetwCent}^V$,0.75,0.75,0.75,0.61,0.62,0.94,1.0,0.78
${\it LiquidityShare}$,0.94,0.94,0.94,0.87,0.88,0.86,0.78,1.0
